(((chr1_10210:0.00005,((chr2_22947:0.00005,((chr14_3068:0.00005,
(chr5_11014:0.00003,((chr18_5168:0.00005,chr3_18665:0.00005):0.09638,
chr11_9495:0.00000):0.00000):0.00006):0.08126,
chr3_15143:0.00001):0.00001):0.00001,chr6_13502:0.00000):0.00000):0.00000,
chr3_81941:0.00005):0.00000,((((((((((((chr11_6783:0.00005,
(((chr12_1173:0.00005,(chr15_8032:0.00005,(chr15_4721:0.00005,
(chr10_1226:0.00005,(chr8_71486:0.00005,(chr12_3317:0.00005,
(chr13_6088:0.00005,(chr9_70162:0.00005,(chr2_14325:0.00005,
(chr1_95336:0.00005,(chr2_15567:0.00005,(chr3_38584:0.00005,
(chr2_22968:0.00005,(chr3_55754:0.00005,(chr6_10239:0.00003,
(chr3_12387:0.00005,(chr5_13767:0.00005,chr6_72089:0.00000):0.00000):0.00000):0.00000):0.00000):0.00000):0.00000):0.00000):0.00000):0.00000):0.00000):0.00000):0.00000):0.00000):0.00000):0.00000):0.00000):0.00006,
chr4_14630:0.00006):0.00000,((((chr22_1922:0.00005,
chr5_90154:0.00000):0.00000,chr13_6110:0.00005):0.00000,
chr18_1509:0.00005):0.00000,chr14_8591:0.00005):0.00000):0.00000):0.00000,
chr9_54914:0.00005):0.00000,chr2_81870:0.00004):0.00000,
chr12_1263:0.00005):0.00000,chr12_8045:0.00005):0.00000,
chr12_8046:0.00005):0.00000,chr1_48963:0.00000):0.00000,
chr13_1067:0.00000):0.00000,chrX_11198:0.00005):0.00000,
chr22_2213:0.00005):0.00000,chrX_12313:0.00005):0.00000,
chrX_11231:0.00005):0.00000,chr7_10818:0.00000);
